MEMORY
  total           15886 KB
  struct            158 KB
  buffer           1392 KB
  arena           14336 KB, used 0.2%

SIZES
  narena                14680064
  nbuffer               1425088
  nplugin               0
  maxuse_stack          18136
  maxuse_arena          36100
  maxuse_con            8
  maxuse_efc            40
  ncon                  8
  ne                    0
  nf                    0
  nl                    8
  nefc                  40
  nJ                    720
  efm_active            0
  nefmK                 0
  nefmcon               0
  nefmT                 0
  nefmA                 0
  nefmdof               0
  nefmL                 0
  nY                    0
  nA                    0
  nisland               1
  nidof                 18
  ntree_awake           1
  nbody_awake           20
  nparent_awake         19
  nv_awake              18
  flg_energypos         0
  flg_energyvel         0
  flg_subtreevel        0
  flg_rnepost           0
  threadpool            0

TIMER
    0:  duration =  96         number = 1071
    1:  duration =  94         number = 1073
    2:  duration =  0          number = 0
    3:  duration =  65         number = 1073
    4:  duration =  5.5        number = 1073
    5:  duration =  2.2        number = 1073
    6:  duration =  19         number = 1073
    7:  duration =  1.3        number = 1071
    8:  duration =  14         number = 1073
    9:  duration =  3.7        number = 1073
    10:  duration =  32         number = 1073
    11:  duration =  15         number = 1073
    12:  duration =  0.19       number = 1073
    13:  duration =  12         number = 1073
    14:  duration =  19         number = 1073

SOLVER STAT
  solver_fwdinv =   0         0       
  ISLAND 0
    solver_niter = 1
    solver_nnz = 324
      0:  improvement =  8.7e-15     gradient =  5.9e-17     lineslope =  0       
          nactive = 40   nchange = 0   neval = 2   nupdate = 0

ENERGY =   0         0       

TIME =  2.1     

QPOS
   0.011   
   0.0052  
   0.14    
   1       
   4.7e-05 
   8.5e-06 
   0.012   
   0.5     
   1.6     
  -2.6     
  -0.5     
  -1.6     
   2.6     
   0.5     
  -1.6     
   2.6     
  -0.5     
   1.6     
  -2.6     

QVEL
   0.00019 
   2.1e-06 
  -3e-06   
   1.5e-05 
   6.5e-06 
   0.00012 
  -9.8e-05 
   0.02    
   0.0031  
   0.00012 
  -0.022   
  -0.0039  
  -0.00011 
  -0.021   
  -0.0036  
   9.5e-05 
   0.019   
   0.003   

QACC_WARMSTART
   1.6e-05 
   5.7e-07 
  -4.5e-07 
  -1.4e-06 
  -1.8e-06 
  -3.7e-05 
  -1.8e-05 
   0.0019  
   0.00056 
   1.6e-05 
  -0.0008  
  -0.0005  
  -1.6e-05 
  -0.0012  
  -0.00053 
   1.7e-05 
   0.0019  
   0.00055 

CTRL
   0       
   0       
   0       
   0       
   0       
   0       
   0       
   0       
   0       
   0       
   0       
   0       

QFRC_APPLIED
   0       
   0       
   0       
   0       
   0       
   0       
   0       
   0       
   0       
   0       
   0       
   0       
   0       
   0       
   0       
   0       
   0       
   0       

XFRC_APPLIED
   0         0         0         0         0         0       
   0         0         0         0         0         0       
   0         0         0         0         0         0       
   0         0         0         0         0         0       
   0         0         0         0         0         0       
   0         0         0         0         0         0       
   0         0         0         0         0         0       
   0         0         0         0         0         0       
   0         0         0         0         0         0       
   0         0         0         0         0         0       
   0         0         0         0         0         0       
   0         0         0         0         0         0       
   0         0         0         0         0         0       
   0         0         0         0         0         0       
   0         0         0         0         0         0       
   0         0         0         0         0         0       
   0         0         0         0         0         0       
   0         0         0         0         0         0       
   0         0         0         0         0         0       
   0         0         0         0         0         0       

QACC
   1.6e-05 
   5.7e-07 
  -4.5e-07 
  -1.4e-06 
  -1.8e-06 
  -3.7e-05 
  -1.8e-05 
   0.0019  
   0.00056 
   1.6e-05 
  -0.0008  
  -0.0005  
  -1.6e-05 
  -0.0012  
  -0.00053 
   1.7e-05 
   0.0019  
   0.00055 

TREE_ASLEEP
  -11

XPOS
   0         0         0       
   0.011     0.0052    0.14    
   0.011     0.0052    0.14    
   0.24      0.01      0.17    
   0.17      0.069     0.081   
   0.22      0.1       0.097   
  -0.03      0.15      0.12    
   0.18      0.21      0.019   
   0.17     -0.051     0.081   
   0.23     -0.079     0.097   
  -0.023    -0.14      0.13    
   0.19     -0.19      0.019   
  -0.14     -0.059     0.081   
  -0.2      -0.089     0.097   
  -0.45     -0.15      0.13    
  -0.24     -0.2       0.019   
  -0.15      0.061     0.081   
  -0.2       0.09      0.097   
  -0.45      0.14      0.12    
  -0.24      0.2       0.019   

XQUAT
   1         0         0         0       
   1         4.7e-05   8.5e-06   0.012   
   1         4.7e-05   8.5e-06   0.012   
   1         4.7e-05   8.5e-06   0.012   
   0.97      0.25      0.0029    0.011   
   0.36      0.6       0.36      0.61    
   0.68     -0.17     -0.48      0.53    
   0.68     -0.17     -0.48      0.53    
   0.97     -0.25     -0.0029    0.011   
   0.36     -0.62      0.36     -0.6     
   0.69      0.17     -0.47     -0.52    
   0.69      0.17     -0.47     -0.52    
   0.011     0.0029   -0.25     -0.97    
   0.36     -0.61      0.36     -0.6     
   0.69      0.17     -0.47     -0.51    
   0.69      0.17     -0.47     -0.51    
   0.011    -0.0029    0.25     -0.97    
  -0.36     -0.6      -0.36     -0.61    
  -0.68      0.17      0.48     -0.52    
  -0.68      0.17      0.48     -0.52    

XMAT
   1         0         0         0         1         0         0         0         1       
   1        -0.023     1.8e-05   0.023     1        -9.4e-05  -1.6e-05   9.5e-05   1       
   1        -0.023     1.8e-05   0.023     1        -9.4e-05  -1.6e-05   9.5e-05   1       
   1        -0.023     1.8e-05   0.023     1        -9.4e-05  -1.6e-05   9.5e-05   1       
   1        -0.021     0.011     0.023     0.88     -0.48     -1.6e-05   0.48      0.88    
  -0.021     0.0033    1         0.88     -0.48      0.02      0.48      0.88      0.007   
  -0.021    -0.55     -0.83      0.88      0.39     -0.28      0.48     -0.74      0.48    
  -0.021    -0.55     -0.83      0.88      0.39     -0.28      0.48     -0.74      0.48    
   1        -0.021    -0.011     0.023     0.88      0.48     -1.6e-05  -0.48      0.88    
   0.021    -0.0094    1        -0.88     -0.48      0.014     0.48     -0.88     -0.018   
   0.021     0.56     -0.83     -0.88      0.41      0.25      0.48      0.72      0.5     
   0.021     0.56     -0.83     -0.88      0.41      0.25      0.48      0.72      0.5     
  -1         0.021    -0.011    -0.023    -0.88      0.48      1.6e-05   0.48      0.88    
   0.021     0.0017    1        -0.88     -0.48      0.019     0.48     -0.88     -0.0084  
   0.021     0.55     -0.84     -0.88      0.41      0.25      0.48      0.73      0.49    
   0.021     0.55     -0.84     -0.88      0.41      0.25      0.48      0.73      0.49    
  -1         0.021     0.011    -0.023    -0.88     -0.48      1.6e-05  -0.48      0.88    
  -0.021     0.0014    1         0.88     -0.48      0.019     0.48      0.88      0.0086  
  -0.021    -0.55     -0.84      0.88      0.39     -0.28      0.48     -0.74      0.47    
  -0.021    -0.55     -0.84      0.88      0.39     -0.28      0.48     -0.74      0.47    

XIPOS
   0         0         0       
  -0.002     0.0048    0.071   
   0.011     0.0052    0.14    
   0.24      0.01      0.16    
   0.22      0.083     0.088   
   0.2       0.13      0.12    
   0.11      0.18      0.073   
   0.18      0.21      0.019   
   0.22     -0.063     0.088   
   0.2      -0.11      0.12    
   0.11     -0.16      0.075   
   0.19     -0.19      0.019   
  -0.2      -0.073     0.088   
  -0.22     -0.12      0.12    
  -0.31     -0.17      0.074   
  -0.24     -0.2       0.019   
  -0.2       0.073     0.088   
  -0.23      0.12      0.12    
  -0.32      0.17      0.072   
  -0.24      0.2       0.019   

XIMAT
   1         0         0         0         1         0         0         0         1       
   0.00065  -1         0.022    -0.0055   -0.022    -1         1         0.00053  -0.0055  
   1        -0.023     1.8e-05   0.023     1        -9.4e-05  -1.6e-05   9.5e-05   1       
   1        -0.023     1.8e-05   0.023     1        -9.4e-05  -1.6e-05   9.5e-05   1       
  -0.053    -1        -0.019     0.88     -0.037    -0.48      0.48     -0.042     0.88    
  -0.021     0.0091    1         0.88     -0.48      0.023     0.48      0.88      0.002   
  -0.021    -0.32     -0.95      0.88      0.45     -0.17      0.48     -0.83      0.27    
  -0.021    -0.55     -0.83      0.88      0.39     -0.28      0.48     -0.74      0.48    
   0.011    -1         0.019     0.88      0.019     0.48     -0.48      0.012     0.88    
   0.02     -0.013     1        -0.88     -0.48      0.012     0.48     -0.88     -0.021   
   0.021     0.33     -0.94     -0.88      0.46      0.14      0.48      0.82      0.3     
   0.021     0.56     -0.83     -0.88      0.41      0.25      0.48      0.72      0.5     
   0.053     1         0.019    -0.88      0.037     0.48      0.48     -0.042     0.88    
   0.02     -0.0018    1        -0.88     -0.48      0.017     0.48     -0.88     -0.011   
   0.021     0.32     -0.95     -0.88      0.46      0.14      0.48      0.83      0.29    
   0.021     0.55     -0.84     -0.88      0.41      0.25      0.48      0.73      0.49    
  -0.011     1        -0.019    -0.88     -0.019    -0.48     -0.48      0.012     0.88    
  -0.021     0.0072    1         0.88     -0.48      0.022     0.48      0.88      0.0036  
  -0.021    -0.32     -0.95      0.88      0.45     -0.17      0.48     -0.83      0.27    
  -0.021    -0.55     -0.84      0.88      0.39     -0.28      0.48     -0.74      0.47    

XANCHOR
   0.011     0.0052    0.14    
   0.17      0.069     0.081   
   0.22      0.1       0.097   
  -0.03      0.15      0.12    
   0.17     -0.051     0.081   
   0.23     -0.079     0.097   
  -0.023    -0.14      0.13    
  -0.14     -0.059     0.081   
  -0.2      -0.089     0.097   
  -0.45     -0.15      0.13    
  -0.15      0.061     0.081   
  -0.2       0.09      0.097   
  -0.45      0.14      0.12    

XAXIS
   0         0         1       
   1         0.023    -1.6e-05 
  -0.021     0.88      0.48    
  -0.021     0.88      0.48    
   1         0.023    -1.6e-05 
   0.021    -0.88      0.48    
   0.021    -0.88      0.48    
  -1        -0.023     1.6e-05 
   0.021    -0.88      0.48    
   0.021    -0.88      0.48    
  -1        -0.023     1.6e-05 
  -0.021     0.88      0.48    
  -0.021     0.88      0.48    

GEOM_XPOS
   0         0         0       
   0.031     0.0054    0.076   
   0.011     0.0052    0.12    
   0.011     0.0052    0.065   
   0.011     0.0052    0.02    
   0.24      0.01      0.015   
   0.24      0.01      0.16    
   0.3       0.012     0.09    
   0.011     0.0052    0.14    
   0.3       0.013     0.099   
   0.21      0.081     0.087   
   0.22      0.12      0.11    
   0.18      0.14      0.13    
   0.05      0.14      0.14    
   0.11      0.18      0.068   
   0.059     0.16      0.1     
   0.15      0.18      0.079   
   0.17      0.2       0.049   
   0.18      0.21      0.019   
   0.18      0.21      0.019   
   0.22     -0.061     0.087   
   0.23     -0.098     0.11    
   0.19     -0.12      0.13    
   0.057    -0.13      0.14    
   0.12     -0.17      0.07    
   0.066    -0.15      0.1     
   0.15     -0.16      0.08    
   0.18     -0.18      0.05    
   0.19     -0.19      0.019   
   0.19     -0.19      0.019   
  -0.19     -0.071     0.087   
  -0.2      -0.11      0.11    
  -0.24     -0.13      0.13    
  -0.37     -0.14      0.14    
  -0.3      -0.18      0.069   
  -0.36     -0.16      0.1     
  -0.27     -0.17      0.079   
  -0.25     -0.19      0.049   
  -0.24     -0.2       0.019   
  -0.24     -0.2       0.019   
  -0.2       0.071     0.087   
  -0.21      0.11      0.11    
  -0.24      0.13      0.13    
  -0.37      0.13      0.14    
  -0.31      0.17      0.068   
  -0.37      0.15      0.1     
  -0.28      0.17      0.079   
  -0.25      0.19      0.049   
  -0.24      0.2       0.019   
  -0.24      0.2       0.019   

GEOM_XMAT
   1         0         0         0         1         0         0         0         1       
  -0.018     0.022     1        -0.0081   -1         0.022     1        -0.0077    0.018   
   1        -0.023     1.8e-05   0.023     1        -9.4e-05  -1.6e-05   9.5e-05   1       
   1        -0.023     1.8e-05   0.023     1        -9.4e-05  -1.6e-05   9.5e-05   1       
   1        -0.023     1.8e-05   0.023     1        -9.4e-05  -1.6e-05   9.5e-05   1       
   1        -0.023     1.8e-05   0.023     1        -9.4e-05  -1.6e-05   9.5e-05   1       
   1        -0.023     1.8e-05   0.023     1        -9.4e-05  -1.6e-05   9.5e-05   1       
   1        -0.023     1.8e-05   0.023     1        -9.4e-05  -1.6e-05   9.5e-05   1       
   1        -0.023     1.8e-05   0.023     1        -9.4e-05  -1.6e-05   9.5e-05   1       
   0.86     -0.51     -0.029     0.026    -0.012     1        -0.51     -0.86      0.0027  
  -0.022     0.008     1         0.88     -0.48      0.023     0.48      0.88      0.0036  
   1         0.011     0.021     0.023    -0.48     -0.88     -1.6e-05   0.88     -0.48    
   0.11      0.17      0.98      0.93     -0.35     -0.045     0.34      0.92     -0.19    
  -0.021     0.0033    1         0.88     -0.48      0.02      0.48      0.88      0.007   
  -0.019    -0.47     -0.88      0.88      0.42     -0.24      0.48     -0.78      0.4     
  -0.021    -0.23     -0.97      0.88      0.46     -0.13      0.48     -0.86      0.19    
  -0.021    -0.58     -0.81      0.88      0.38     -0.29      0.48     -0.72      0.5     
  -0.021    -0.96     -0.28      0.88      0.12     -0.47      0.48     -0.26      0.84    
  -0.021    -0.55     -0.83      0.88      0.39     -0.28      0.48     -0.74      0.48    
  -0.021    -0.55     -0.83      0.88      0.39     -0.28      0.48     -0.74      0.48    
  -0.019    -0.0081    1         0.88      0.48      0.02     -0.48      0.88     -0.002   
   1        -0.011     0.021     0.023     0.48     -0.88     -1.6e-05   0.88      0.48    
   0.15     -0.17      0.97     -0.92     -0.37      0.078     0.35     -0.91     -0.22    
   0.021    -0.0094    1        -0.88     -0.48      0.014     0.48     -0.88     -0.018   
   0.019     0.48     -0.88     -0.88      0.43      0.22      0.48      0.77      0.43    
   0.021     0.24     -0.97     -0.88      0.47      0.097     0.48      0.85      0.22    
   0.021     0.53     -0.85     -0.88      0.42      0.24      0.48      0.74      0.47    
   0.021     0.96     -0.27     -0.88      0.15      0.46      0.48      0.23      0.85    
   0.021     0.56     -0.83     -0.88      0.41      0.25      0.48      0.72      0.5     
   0.021     0.56     -0.83     -0.88      0.41      0.25      0.48      0.72      0.5     
   0.022    -0.008    -1        -0.88      0.48     -0.023     0.48      0.88      0.0037  
  -1        -0.011    -0.021    -0.023     0.48      0.88      1.6e-05   0.88     -0.48    
   0.15     -0.16      0.97     -0.92     -0.37      0.084     0.35     -0.91     -0.21    
   0.021     0.0017    1        -0.88     -0.48      0.019     0.48     -0.88     -0.0084  
   0.019     0.47     -0.88     -0.88      0.43      0.21      0.48      0.77      0.42    
   0.021     0.22     -0.97     -0.88      0.47      0.09      0.48      0.85      0.21    
   0.021     0.58     -0.82     -0.88      0.4       0.26      0.48      0.71      0.51    
   0.021     0.96     -0.29     -0.88      0.16      0.46      0.48      0.24      0.84    
   0.021     0.55     -0.84     -0.88      0.41      0.25      0.48      0.73      0.49    
   0.021     0.55     -0.84     -0.88      0.41      0.25      0.48      0.73      0.49    
   0.019     0.0081   -1        -0.88     -0.48     -0.02     -0.48      0.88     -0.002   
  -1         0.011    -0.021    -0.023    -0.48      0.88      1.6e-05   0.88      0.48    
   0.11      0.16      0.98      0.93     -0.35     -0.046     0.34      0.92     -0.19    
  -0.021     0.0014    1         0.88     -0.48      0.019     0.48      0.88      0.0086  
  -0.019    -0.47     -0.88      0.88      0.42     -0.24      0.48     -0.78      0.4     
  -0.021    -0.22     -0.97      0.88      0.46     -0.13      0.48     -0.86      0.19    
  -0.021    -0.58     -0.82      0.88      0.38     -0.29      0.48     -0.72      0.5     
  -0.021    -0.96     -0.29      0.88      0.12     -0.47      0.48     -0.26      0.84    
  -0.021    -0.55     -0.84      0.88      0.39     -0.28      0.48     -0.74      0.47    
  -0.021    -0.55     -0.84      0.88      0.39     -0.28      0.48     -0.74      0.47    

LIGHT_XPOS
   0         0         5       

LIGHT_XDIR
   0         0        -1       

SUBTREE_COM
  -0.0091    0.0047    0.087   
  -0.0091    0.0047    0.087   
   0.011     0.0052    0.14    
   0.24      0.01      0.16    
   0.19      0.13      0.098   
   0.18      0.15      0.1     
   0.13      0.19      0.057   
   0.18      0.21      0.019   
   0.2      -0.11      0.099   
   0.19     -0.13      0.1     
   0.13     -0.17      0.059   
   0.19     -0.19      0.019   
  -0.23     -0.12      0.098   
  -0.24     -0.14      0.1     
  -0.29     -0.18      0.058   
  -0.24     -0.2       0.019   
  -0.23      0.12      0.098   
  -0.25      0.14      0.1     
  -0.3       0.18      0.057   
  -0.24      0.2       0.019   

CDOF
   0         0         0         1         0         0       
   0         0         0         0         1         0       
   0         0         0         0         0         1       
   1         0.023    -1.6e-05  -0.0014    0.058    -9.4e-06 
  -0.023     1         9.5e-05  -0.058    -0.0014    0.02    
   1.8e-05  -9.4e-05   1         0.00049  -0.02     -1.9e-06 
   1         0.023    -1.6e-05   0.00014  -0.0061   -0.06    
  -0.021     0.88      0.48      0.037    -0.11      0.2     
  -0.021     0.88      0.48      0.036     0.0092   -0.015   
   1         0.023    -1.6e-05   0.00014  -0.0061    0.06    
   0.021    -0.88      0.48     -0.032    -0.11     -0.2     
   0.021    -0.88      0.48     -0.029     0.0076    0.015   
  -1        -0.023     1.6e-05  -0.00014   0.0061   -0.06    
   0.021    -0.88      0.48     -0.036     0.092     0.17    
   0.021    -0.88      0.48     -0.037     0.21      0.39    
  -1        -0.023     1.6e-05  -0.00014   0.0061    0.06    
  -0.021     0.88      0.48      0.032     0.093    -0.17    
  -0.021     0.88      0.48      0.032     0.21     -0.39    

CINERT
   0         0         0         0         0         0         0         0         0         0       
   0.011     0.0094    0.013     3.1e-05   0.00064  -1.6e-05   0.04      0.00075  -0.092     5.7     
   0.0001    0.0001    0.0001   -9.7e-09  -1.2e-06  -2.8e-08   2e-05     4.8e-07   5.8e-05   0.001   
   0.00041   0.0048    0.0044   -0.0001   -0.0013   -3.1e-05   0.018     0.00041   0.0053    0.072   
   0.0041    0.032     0.035    -0.011    -0.00016   7.7e-05   0.14      0.047     0.00067   0.61    
   0.017     0.042     0.056    -0.024    -0.0064   -0.0038    0.19      0.12      0.031     0.91    
   0.0079    0.0043    0.012    -0.0053    0.00064   0.00067   0.029     0.044    -0.0035    0.25    
   0.0048    0.0041    0.0079   -0.004     0.0013    0.0014    0.019     0.021    -0.0068    0.1     
   0.0031    0.033     0.035     0.0094   -0.00014  -9e-05     0.14     -0.041     0.0006    0.61    
   0.014     0.045     0.056     0.023    -0.0067    0.0035    0.2      -0.11      0.031     0.91    
   0.0073    0.0047    0.012     0.0053    0.00061  -0.00055   0.031    -0.042    -0.003     0.25    
   0.0044    0.0043    0.0078    0.0039    0.0013   -0.0013    0.02     -0.02     -0.0068    0.1     
   0.004     0.022     0.025    -0.0087    0.00013  -7.8e-05  -0.11     -0.047     0.00066   0.61    
   0.017     0.044     0.058    -0.025     0.0066    0.0038   -0.19     -0.12      0.031     0.91    
   0.0082    0.024     0.031    -0.013    -0.00072  -0.00061  -0.075    -0.045    -0.0032    0.25    
   0.0048    0.0056    0.0095   -0.0047   -0.0015   -0.0014   -0.023    -0.021    -0.0068    0.1     
   0.0032    0.022     0.025     0.0079    0.00012   8.8e-05  -0.11      0.042     0.00061   0.61    
   0.014     0.046     0.057     0.023     0.0067   -0.0035   -0.2       0.11      0.031     0.91    
   0.007     0.025     0.031     0.013    -0.00087   0.00064  -0.077     0.041    -0.0035    0.25    
   0.0044    0.006     0.0094    0.0046   -0.0016    0.0013   -0.023     0.02     -0.0068    0.1     

ACTUATOR_LENGTH
   0.5     
   1.6     
  -2.6     
  -0.5     
  -1.6     
   2.6     
   0.5     
  -1.6     
   2.6     
  -0.5     
   1.6     
  -2.6     

actuator_moment
--------------------
       x            |
        x           |
         x          |
          x         |
           x        |
            x       |
             x      |
              x     |
               x    |
                x   |
                 x  |
                  x |
--------------------

ACTUATOR_MOMENT
     6:  1       
     7:  1       
     8:  1       
     9:  1       
    10:  1       
    11:  1       
    12:  1       
    13:  1       
    14:  1       
    15:  1       
    16:  1       
    17:  1       

CRB
   0         0         0         0         0         0         0         0         0         0       
   0.14      0.38      0.49     -0.0058   -0.0013    0.0002    1e-16    -8.1e-17  -3.9e-16   13      
   0.0001    0.0001    0.0001   -9.7e-09  -1.2e-06  -2.8e-08   2e-05     4.8e-07   5.8e-05   0.001   
   0.00041   0.0048    0.0044   -0.0001   -0.0013   -3.1e-05   0.018     0.00041   0.0053    0.072   
   0.033     0.082     0.11     -0.044    -0.0046   -0.0016    0.37      0.23      0.021     1.9     
   0.029     0.051     0.076    -0.034    -0.0045   -0.0017    0.24      0.18      0.021     1.3     
   0.013     0.0084    0.02     -0.0092    0.0019    0.0021    0.048     0.065    -0.01      0.35    
   0.0048    0.0041    0.0079   -0.004     0.0013    0.0014    0.019     0.021    -0.0068    0.1     
   0.029     0.086     0.11      0.042    -0.0049    0.0015    0.38     -0.21      0.022     1.9     
   0.026     0.054     0.076     0.032    -0.0047    0.0016    0.25     -0.17      0.022     1.3     
   0.012     0.009     0.019     0.0092    0.0019   -0.0019    0.05     -0.062    -0.0098    0.35    
   0.0044    0.0043    0.0078    0.0039    0.0013   -0.0013    0.02     -0.02     -0.0068    0.1     
   0.034     0.094     0.12     -0.052     0.0045    0.0017   -0.4      -0.23      0.022     1.9     
   0.03      0.073     0.099    -0.043     0.0043    0.0018   -0.29     -0.18      0.021     1.3     
   0.013     0.029     0.041    -0.018    -0.0023   -0.002    -0.098    -0.065    -0.01      0.35    
   0.0048    0.0056    0.0095   -0.0047   -0.0015   -0.0014   -0.023    -0.021    -0.0068    0.1     
   0.029     0.099     0.12      0.049     0.0043   -0.0014   -0.41      0.21      0.021     1.9     
   0.026     0.076     0.098     0.041     0.0042   -0.0015   -0.3       0.17      0.02      1.3     
   0.011     0.031     0.041     0.017    -0.0025    0.002    -0.1       0.061    -0.01      0.35    
   0.0044    0.006     0.0094    0.0046   -0.0016    0.0013   -0.023     0.02     -0.0068    0.1     

M
     0:  13      
     0:  0          1:  13      
     0:  0          1:  0          2:  13      
     0: -0.018      1:  0.77       2: -0.00012    3:  0.18    
     0: -0.77       1: -0.018      2:  0.27       3: -0.00022    4:  0.43    
     0:  0.0064     1: -0.27       2: -2.5e-05    3: -0.017      4:  0.00023    5:  0.49    
     0:  0.00076    1: -0.032      2:  0.11       3:  0.016      4: -0.018      5: -0.0063     6:  0.012   
     0: -0.023      1: -0.025      2:  0.045      3:  0.0056     4: -0.0014     5:  0.0025     6:  0.0045     7:  0.009   
     0: -0.028      1:  0.026      2: -0.049      3: -0.0065     4:  0.0097     5:  0.0089     6: -0.0053     7: -0.0013     8:  0.013   
     0:  0.00079    1: -0.034      2: -0.11       3:  0.016      4:  0.018      5: -0.0065     9:  0.012   
     0:  0.023      1: -0.025      2: -0.046      3:  0.0057     4:  0.0015     5:  0.0023     9:  0.0046    10:  0.009   
     0:  0.028      1:  0.027      2:  0.048      3: -0.0064     4: -0.0096     5:  0.0091     9: -0.0052    10: -0.0013    11:  0.013   
     0: -0.00078    1:  0.033      2:  0.11       3: -0.016      4:  0.028      5: -0.0077    12:  0.012   
     0:  0.024      1: -0.025      2: -0.046      3:  0.0057     4: -0.018      5:  0.013     12: -0.0046    13:  0.009   
     0:  0.027      1:  0.027      2:  0.048      3: -0.0064     4:  0.011      5: -0.0022    12:  0.0053    13: -0.0013    14:  0.013   
     0: -0.00076    1:  0.032      2: -0.11       3: -0.016      4: -0.028      5: -0.0074    15:  0.012   
     0: -0.023      1: -0.025      2:  0.045      3:  0.0056     4:  0.018      5:  0.013     15: -0.0045    16:  0.009   
     0: -0.027      1:  0.026      2: -0.049      3: -0.0065     4: -0.011      5: -0.0025    15:  0.0053    16: -0.0013    17:  0.013   

QLD
     0:  11      
     0:  0.058      1:  3       
     0:  0.03       1:  0.00095    2:  9.3     
     0: -0.24       1:  10         2: -0.021      3:  0.091   
     0: -3.1        1: -0.073      2:  0.34       3: -0.00011    4:  0.22    
     0:  0.014      1: -0.52       2:  0.0015     3: -0.043      4:  0.0018     5:  0.43    
     0:  0.1        1: -1.4        2:  8.8        3:  1.4        4: -1.8        5: -0.52       6:  0.0079  
     0: -2.9        1: -2.6        2:  4.6        3:  0.56       4: -0.041      5:  0.39       6:  0.45       7:  0.0088  
     0: -2.2        1:  2.1        2: -3.9        3: -0.52       4:  0.77       5:  0.71       6: -0.42       7: -0.1        8:  0.013   
     0:  0.075      1: -1.6        2: -8.8        3:  1.4        4:  1.8        5: -0.53       9:  0.0079  
     0:  2.9        1: -2.5        2: -4.6        3:  0.57       4:  0.06       5:  0.36       9:  0.46      10:  0.0089  
     0:  2.2        1:  2.1        2:  3.8        3: -0.51       4: -0.77       5:  0.73       9: -0.42      10: -0.1       11:  0.013   
     0: -0.03       1:  1.5        2:  8.8        3: -1.4        4:  2          5: -0.12      12:  0.0079  
     0:  3          1: -2.5        2: -4.6        3:  0.57       4: -1.9        5:  1.4       12: -0.45      13:  0.0089  
     0:  2.2        1:  2.2        2:  3.8        3: -0.51       4:  0.87       5: -0.18      12:  0.42      13: -0.1       14:  0.013   
     0: -0.11       1:  1.4        2: -8.8        3: -1.4        4: -2          5: -0.08      15:  0.0079  
     0: -2.9        1: -2.6        2:  4.5        3:  0.56       4:  1.9        5:  1.5       15: -0.45      16:  0.0088  
     0: -2.2        1:  2.1        2: -3.9        3: -0.52       4: -0.88       5: -0.2       15:  0.42      16: -0.1       17:  0.013   

QLDIAGINV
   0.095   
   0.33    
   0.11    
   11      
   4.6     
   2.3     
   1.3e+02 
   1.1e+02 
   80      
   1.3e+02 
   1.1e+02 
   80      
   1.3e+02 
   1.1e+02 
   80      
   1.3e+02 
   1.1e+02 
   80      

M: inertia structure
--------------------
 x                  |
 xx                 |
 xxx                |
 xxxx               |
 xxxxx              |
 xxxxxx             |
 xxxxxxx            |
 xxxxxxxx           |
 xxxxxxxxx          |
 xxxxxx   x         |
 xxxxxx   xx        |
 xxxxxx   xxx       |
 xxxxxx      x      |
 xxxxxx      xx     |
 xxxxxx      xxx    |
 xxxxxx         x   |
 xxxxxx         xx  |
 xxxxxx         xxx |
--------------------

iM: block-diagonal inertia (nnzs are island ids)
--------------------
 0                  |
 00                 |
 000                |
 0000               |
 00000              |
 000000             |
 0000000            |
 00000000           |
 000000000          |
 000000   0         |
 000000   00        |
 000000   000       |
 000000      0      |
 000000      00     |
 000000      000    |
 000000         0   |
 000000         00  |
 000000         000 |
--------------------

TREE_AWAKE
  1

BODY_AWAKE
  -1 1 1 1 1 1 1 1 1 1 1 1 1 1 1 1 1 1 1 1

BODY_AWAKE_IND
  0 1 2 3 4 5 6 7 8 9 10 11 12 13 14 15 16 17 18 19

PARENT_AWAKE_IND
  1 2 3 4 5 6 7 8 9 10 11 12 13 14 15 16 17 18 19

DOF_AWAKE_IND
  0 1 2 3 4 5 6 7 8 9 10 11 12 13 14 15 16 17

CONTACT
  0:
     dim           3
     geoms         floor : 4
     exclude       0
     efc_address   8
     solref         0.02      1       
     solimp         0.9       0.95      0.001     0.5       2       
     dist          -6.1e-05 
     includemargin  0       
     pos           -0.093    -0.057    -3.1e-05 
     frame          0         0         1         0         1         0        -1         0         0       
     friction       1         1         0.005     0.0001    0.0001  
     mu             1       
     force          16        0.042     1.1       0         0         0       
  1:
     dim           3
     geoms         floor : 4
     exclude       0
     efc_address   12
     solref         0.02      1       
     solimp         0.9       0.95      0.001     0.5       2       
     dist          -6.4e-05 
     includemargin  0       
     pos            0.12     -0.052    -3.2e-05 
     frame          0         0         1         0         1         0        -1         0         0       
     friction       1         1         0.005     0.0001    0.0001  
     mu             1       
     force          17       -0.092     1.1       0         0         0       
  2:
     dim           3
     geoms         floor : 4
     exclude       0
     efc_address   16
     solref         0.02      1       
     solimp         0.9       0.95      0.001     0.5       2       
     dist          -5e-05   
     includemargin  0       
     pos           -0.095     0.063    -2.5e-05 
     frame          0         0         1         0         1         0        -1         0         0       
     friction       1         1         0.005     0.0001    0.0001  
     mu             1       
     force          13        0.044     1         0         0         0       
  3:
     dim           3
     geoms         floor : 4
     exclude       0
     efc_address   20
     solref         0.02      1       
     solimp         0.9       0.95      0.001     0.5       2       
     dist          -5.3e-05 
     includemargin  0       
     pos            0.11      0.068    -2.7e-05 
     frame          0         0         1         0         1         0        -1         0         0       
     friction       1         1         0.005     0.0001    0.0001  
     mu             1       
     force          14       -0.09      1         0         0         0       
  4:
     dim           3
     geoms         floor : 19
     exclude       0
     efc_address   24
     solref         0.02      1       
     solimp         0.9       0.95      0.001     0.5       2       
     dist          -0.0011  
     includemargin  0       
     pos            0.18      0.21     -0.00054 
     frame          0         0         1         0         1         0        -1         0         0       
     friction       1         1         0.005     0.0001    0.0001  
     mu             1       
     force          18        0.03     -0.99      0         0         0       
  5:
     dim           3
     geoms         floor : 29
     exclude       0
     efc_address   28
     solref         0.02      1       
     solimp         0.9       0.95      0.001     0.5       2       
     dist          -0.001   
     includemargin  0       
     pos            0.19     -0.19     -0.00051 
     frame          0         0         1         0         1         0        -1         0         0       
     friction       1         1         0.005     0.0001    0.0001  
     mu             1       
     force          17        0.0022   -1.1       0         0         0       
  6:
     dim           3
     geoms         floor : 39
     exclude       0
     efc_address   32
     solref         0.02      1       
     solimp         0.9       0.95      0.001     0.5       2       
     dist          -0.001   
     includemargin  0       
     pos           -0.24     -0.2      -0.00052 
     frame          0         0         1         0         1         0        -1         0         0       
     friction       1         1         0.005     0.0001    0.0001  
     mu             1       
     force          17        0.019    -1.1       0         0         0       
  7:
     dim           3
     geoms         floor : 49
     exclude       0
     efc_address   36
     solref         0.02      1       
     solimp         0.9       0.95      0.001     0.5       2       
     dist          -0.0011  
     includemargin  0       
     pos           -0.24      0.2      -0.00054 
     frame          0         0         1         0         1         0        -1         0         0       
     friction       1         1         0.005     0.0001    0.0001  
     mu             1       
     force          18        0.045    -0.98      0         0         0       

EFC_TYPE
  3
  3
  3
  3
  3
  3
  3
  3
  6
  6
  6
  6
  6
  6
  6
  6
  6
  6
  6
  6
  6
  6
  6
  6
  6
  6
  6
  6
  6
  6
  6
  6
  6
  6
  6
  6
  6
  6
  6
  6

EFC_ID
  1
  3
  4
  6
  7
  9
  10
  12
  0
  0
  0
  0
  1
  1
  1
  1
  2
  2
  2
  2
  3
  3
  3
  3
  4
  4
  4
  4
  5
  5
  5
  5
  6
  6
  6
  6
  7
  7
  7
  7

EFC_J
   0         0         0         0         0         0        -1         0         0         0         0         0         0         0         0         0         0         0       
   0         0         0         0         0         0         0         0         1         0         0         0         0         0         0         0         0         0       
   0         0         0         0         0         0         0         0         0         1         0         0         0         0         0         0         0         0       
   0         0         0         0         0         0         0         0         0         0         0        -1         0         0         0         0         0         0       
   0         0         0         0         0         0         0         0         0         0         0         0        -1         0         0         0         0         0       
   0         0         0         0         0         0         0         0         0         0         0         0         0         0        -1         0         0         0       
   0         0         0         0         0         0         0         0         0         0         0         0         0         0         0         1         0         0       
   0         0         0         0         0         0         0         0         0         0         0         0         0         0         0         0         0         1       
   0         1         1         0.085     0.1      -0.1       0         0         0         0         0         0         0         0         0         0         0         0       
   0        -1         1        -0.2       0.11      0.1       0         0         0         0         0         0         0         0         0         0         0         0       
  -1         0         1        -0.057     0.25     -0.062     0         0         0         0         0         0         0         0         0         0         0         0       
   1         0         1        -0.063    -0.04      0.062     0         0         0         0         0         0         0         0         0         0         0         0       
   0         1         1         0.085    -0.11      0.11      0         0         0         0         0         0         0         0         0         0         0         0       
   0        -1         1        -0.2      -0.1      -0.11      0         0         0         0         0         0         0         0         0         0         0         0       
  -1         0         1        -0.057     0.04     -0.058     0         0         0         0         0         0         0         0         0         0         0         0       
   1         0         1        -0.063    -0.25      0.058     0         0         0         0         0         0         0         0         0         0         0         0       
   0         1         1         0.2       0.1      -0.11      0         0         0         0         0         0         0         0         0         0         0         0       
   0        -1         1        -0.085     0.11      0.11      0         0         0         0         0         0         0         0         0         0         0         0       
  -1         0         1         0.063     0.25      0.058     0         0         0         0         0         0         0         0         0         0         0         0       
   1         0         1         0.057    -0.04     -0.058     0         0         0         0         0         0         0         0         0         0         0         0       
   0         1         1         0.2      -0.11      0.1       0         0         0         0         0         0         0         0         0         0         0         0       
   0        -1         1        -0.085    -0.1      -0.1       0         0         0         0         0         0         0         0         0         0         0         0       
  -1         0         1         0.063     0.04      0.062     0         0         0         0         0         0         0         0         0         0         0         0       
   1         0         1         0.057    -0.25     -0.062     0         0         0         0         0         0         0         0         0         0         0         0       
   0         1         1         0.35     -0.18      0.17      0.22      0.011    -0.088     0         0         0         0         0         0         0         0         0       
   0        -1         1         0.057    -0.17     -0.17      0.061     0.054    -0.29      0         0         0         0         0         0         0         0         0       
  -1         0         1         0.21     -0.03      0.21      0.14      0.17     -0.046     0         0         0         0         0         0         0         0         0       
   1         0         1         0.2      -0.32     -0.21      0.14     -0.11     -0.33      0         0         0         0         0         0         0         0         0       
   0         1         1        -0.057    -0.17      0.18      0         0         0        -0.061    -0.053     0.29      0         0         0         0         0         0       
   0        -1         1        -0.35     -0.17     -0.18      0         0         0        -0.22     -0.02      0.079     0         0         0         0         0         0       
  -1         0         1        -0.2      -0.026    -0.2       0         0         0        -0.14     -0.18      0.041     0         0         0         0         0         0       
   1         0         1        -0.21     -0.32      0.2       0         0         0        -0.14      0.1       0.33      0         0         0         0         0         0       
   0         1         1        -0.057     0.25     -0.25      0         0         0         0         0         0         0.061    -0.051     0.29      0         0         0       
   0        -1         1        -0.35      0.26      0.25      0         0         0         0         0         0         0.22     -0.019     0.08      0         0         0       
  -1         0         1        -0.2       0.4      -0.21      0         0         0         0         0         0         0.14     -0.17      0.045     0         0         0       
   1         0         1        -0.21      0.11      0.21      0         0         0         0         0         0         0.14      0.11      0.32      0         0         0       
   0         1         1         0.35      0.25     -0.25      0         0         0         0         0         0         0         0         0        -0.22      0.011    -0.088   
   0        -1         1         0.057     0.25      0.25      0         0         0         0         0         0         0         0         0        -0.061     0.053    -0.29    
  -1         0         1         0.21      0.39      0.2       0         0         0         0         0         0         0         0         0        -0.14      0.17     -0.047   
   1         0         1         0.2       0.1      -0.2       0         0         0         0         0         0         0         0         0        -0.14     -0.11     -0.33    

IEFC_J
   0         0         0         0         0         0        -1         0         0         0         0         0         0         0         0         0         0         0       
   0         0         0         0         0         0         0         0         1         0         0         0         0         0         0         0         0         0       
   0         0         0         0         0         0         0         0         0         1         0         0         0         0         0         0         0         0       
   0         0         0         0         0         0         0         0         0         0         0        -1         0         0         0         0         0         0       
   0         0         0         0         0         0         0         0         0         0         0         0        -1         0         0         0         0         0       
   0         0         0         0         0         0         0         0         0         0         0         0         0         0        -1         0         0         0       
   0         0         0         0         0         0         0         0         0         0         0         0         0         0         0         1         0         0       
   0         0         0         0         0         0         0         0         0         0         0         0         0         0         0         0         0         1       
   0         1         1         0.085     0.1      -0.1       0         0         0         0         0         0         0         0         0         0         0         0       
   0        -1         1        -0.2       0.11      0.1       0         0         0         0         0         0         0         0         0         0         0         0       
  -1         0         1        -0.057     0.25     -0.062     0         0         0         0         0         0         0         0         0         0         0         0       
   1         0         1        -0.063    -0.04      0.062     0         0         0         0         0         0         0         0         0         0         0         0       
   0         1         1         0.085    -0.11      0.11      0         0         0         0         0         0         0         0         0         0         0         0       
   0        -1         1        -0.2      -0.1      -0.11      0         0         0         0         0         0         0         0         0         0         0         0       
  -1         0         1        -0.057     0.04     -0.058     0         0         0         0         0         0         0         0         0         0         0         0       
   1         0         1        -0.063    -0.25      0.058     0         0         0         0         0         0         0         0         0         0         0         0       
   0         1         1         0.2       0.1      -0.11      0         0         0         0         0         0         0         0         0         0         0         0       
   0        -1         1        -0.085     0.11      0.11      0         0         0         0         0         0         0         0         0         0         0         0       
  -1         0         1         0.063     0.25      0.058     0         0         0         0         0         0         0         0         0         0         0         0       
   1         0         1         0.057    -0.04     -0.058     0         0         0         0         0         0         0         0         0         0         0         0       
   0         1         1         0.2      -0.11      0.1       0         0         0         0         0         0         0         0         0         0         0         0       
   0        -1         1        -0.085    -0.1      -0.1       0         0         0         0         0         0         0         0         0         0         0         0       
  -1         0         1         0.063     0.04      0.062     0         0         0         0         0         0         0         0         0         0         0         0       
   1         0         1         0.057    -0.25     -0.062     0         0         0         0         0         0         0         0         0         0         0         0       
   0         1         1         0.35     -0.18      0.17      0.22      0.011    -0.088     0         0         0         0         0         0         0         0         0       
   0        -1         1         0.057    -0.17     -0.17      0.061     0.054    -0.29      0         0         0         0         0         0         0         0         0       
  -1         0         1         0.21     -0.03      0.21      0.14      0.17     -0.046     0         0         0         0         0         0         0         0         0       
   1         0         1         0.2      -0.32     -0.21      0.14     -0.11     -0.33      0         0         0         0         0         0         0         0         0       
   0         1         1        -0.057    -0.17      0.18      0         0         0        -0.061    -0.053     0.29      0         0         0         0         0         0       
   0        -1         1        -0.35     -0.17     -0.18      0         0         0        -0.22     -0.02      0.079     0         0         0         0         0         0       
  -1         0         1        -0.2      -0.026    -0.2       0         0         0        -0.14     -0.18      0.041     0         0         0         0         0         0       
   1         0         1        -0.21     -0.32      0.2       0         0         0        -0.14      0.1       0.33      0         0         0         0         0         0       
   0         1         1        -0.057     0.25     -0.25      0         0         0         0         0         0         0.061    -0.051     0.29      0         0         0       
   0        -1         1        -0.35      0.26      0.25      0         0         0         0         0         0         0.22     -0.019     0.08      0         0         0       
  -1         0         1        -0.2       0.4      -0.21      0         0         0         0         0         0         0.14     -0.17      0.045     0         0         0       
   1         0         1        -0.21      0.11      0.21      0         0         0         0         0         0         0.14      0.11      0.32      0         0         0       
   0         1         1         0.35      0.25     -0.25      0         0         0         0         0         0         0         0         0        -0.22      0.011    -0.088   
   0        -1         1         0.057     0.25      0.25      0         0         0         0         0         0         0         0         0        -0.061     0.053    -0.29    
  -1         0         1         0.21      0.39      0.2       0         0         0         0         0         0         0         0         0        -0.14      0.17     -0.047   
   1         0         1         0.2       0.1      -0.2       0         0         0         0         0         0         0         0         0        -0.14     -0.11     -0.33    

EFC_POS
  -0.0015  
  -0.061   
  -0.0013  
  -0.056   
  -0.0014  
  -0.058   
  -0.0015  
  -0.061   
  -6.1e-05 
  -6.1e-05 
  -6.1e-05 
  -6.1e-05 
  -6.4e-05 
  -6.4e-05 
  -6.4e-05 
  -6.4e-05 
  -5e-05   
  -5e-05   
  -5e-05   
  -5e-05   
  -5.3e-05 
  -5.3e-05 
  -5.3e-05 
  -5.3e-05 
  -0.0011  
  -0.0011  
  -0.0011  
  -0.0011  
  -0.001   
  -0.001   
  -0.001   
  -0.001   
  -0.001   
  -0.001   
  -0.001   
  -0.001   
  -0.0011  
  -0.0011  
  -0.0011  
  -0.0011  

EFC_MARGIN
   0       
   0       
   0       
   0       
   0       
   0       
   0       
   0       
   0       
   0       
   0       
   0       
   0       
   0       
   0       
   0       
   0       
   0       
   0       
   0       
   0       
   0       
   0       
   0       
   0       
   0       
   0       
   0       
   0       
   0       
   0       
   0       
   0       
   0       
   0       
   0       
   0       
   0       
   0       
   0       

EFC_FRICTIONLOSS
   0       
   0       
   0       
   0       
   0       
   0       
   0       
   0       
   0       
   0       
   0       
   0       
   0       
   0       
   0       
   0       
   0       
   0       
   0       
   0       
   0       
   0       
   0       
   0       
   0       
   0       
   0       
   0       
   0       
   0       
   0       
   0       
   0       
   0       
   0       
   0       
   0       
   0       
   0       
   0       

EFC_DIAGA
   50      
   1e+03   
   50      
   1e+03   
   49      
   1e+03   
   49      
   1e+03   
   0.34    
   0.34    
   0.34    
   0.34    
   0.34    
   0.34    
   0.34    
   0.34    
   0.34    
   0.34    
   0.34    
   0.34    
   0.34    
   0.34    
   0.34    
   0.34    
   12      
   12      
   12      
   12      
   12      
   12      
   12      
   12      
   12      
   12      
   12      
   12      
   12      
   12      
   12      
   12      

EFC_KBIP
   2.8e+03   1.1e+02   0.95      0       
   2.8e+03   1.1e+02   0.95      0       
   2.8e+03   1.1e+02   0.95      0       
   2.8e+03   1.1e+02   0.95      0       
   2.8e+03   1.1e+02   0.95      0       
   2.8e+03   1.1e+02   0.95      0       
   2.8e+03   1.1e+02   0.95      0       
   2.8e+03   1.1e+02   0.95      0       
   2.8e+03   1.1e+02   0.9      -12      
   2.8e+03   1.1e+02   0.9      -12      
   2.8e+03   1.1e+02   0.9      -12      
   2.8e+03   1.1e+02   0.9      -12      
   2.8e+03   1.1e+02   0.9      -13      
   2.8e+03   1.1e+02   0.9      -13      
   2.8e+03   1.1e+02   0.9      -13      
   2.8e+03   1.1e+02   0.9      -13      
   2.8e+03   1.1e+02   0.9      -10      
   2.8e+03   1.1e+02   0.9      -10      
   2.8e+03   1.1e+02   0.9      -10      
   2.8e+03   1.1e+02   0.9      -10      
   2.8e+03   1.1e+02   0.9      -11      
   2.8e+03   1.1e+02   0.9      -11      
   2.8e+03   1.1e+02   0.9      -11      
   2.8e+03   1.1e+02   0.9      -11      
   2.8e+03   1.1e+02   0.95      0       
   2.8e+03   1.1e+02   0.95      0       
   2.8e+03   1.1e+02   0.95      0       
   2.8e+03   1.1e+02   0.95      0       
   2.8e+03   1.1e+02   0.95      0       
   2.8e+03   1.1e+02   0.95      0       
   2.8e+03   1.1e+02   0.95      0       
   2.8e+03   1.1e+02   0.95      0       
   2.8e+03   1.1e+02   0.95      0       
   2.8e+03   1.1e+02   0.95      0       
   2.8e+03   1.1e+02   0.95      0       
   2.8e+03   1.1e+02   0.95      0       
   2.8e+03   1.1e+02   0.95      0       
   2.8e+03   1.1e+02   0.95      0       
   2.8e+03   1.1e+02   0.95      0       
   2.8e+03   1.1e+02   0.95      0       

EFC_D
   0.38    
   0.019   
   0.38    
   0.019   
   0.39    
   0.019   
   0.39    
   0.019   
   26      
   26      
   26      
   26      
   26      
   26      
   26      
   26      
   26      
   26      
   26      
   26      
   26      
   26      
   26      
   26      
   1.6     
   1.6     
   1.6     
   1.6     
   1.6     
   1.6     
   1.6     
   1.6     
   1.6     
   1.6     
   1.6     
   1.6     
   1.6     
   1.6     
   1.6     
   1.6     

EFC_R
   2.6     
   54      
   2.6     
   53      
   2.6     
   54      
   2.6     
   54      
   0.038   
   0.038   
   0.038   
   0.038   
   0.038   
   0.038   
   0.038   
   0.038   
   0.038   
   0.038   
   0.038   
   0.038   
   0.038   
   0.038   
   0.038   
   0.038   
   0.64    
   0.64    
   0.64    
   0.64    
   0.64    
   0.64    
   0.64    
   0.64    
   0.63    
   0.63    
   0.63    
   0.63    
   0.63    
   0.63    
   0.63    
   0.63    

ACTUATOR_VELOCITY
  -9.8e-05 
   0.02    
   0.0031  
   0.00012 
  -0.022   
  -0.0039  
  -0.00011 
  -0.021   
  -0.0036  
   9.5e-05 
   0.019   
   0.003   

CVEL
   0         0         0         0         0         0       
   1.5e-05   6.9e-06   0.00012   0.00019   6.8e-07  -2.8e-06 
   1.5e-05   6.9e-06   0.00012   0.00019   6.8e-07  -2.8e-06 
   1.5e-05   6.9e-06   0.00012   0.00019   6.8e-07  -2.8e-06 
  -8.3e-05   4.6e-06   0.00012   0.00019   1.3e-06   3.1e-06 
  -0.00049   0.017     0.0095    0.00091  -0.0022    0.004   
  -0.00055   0.02      0.011     0.001    -0.0021    0.0039  
  -0.00055   0.02      0.011     0.001    -0.0021    0.0039  
   0.00014   9.8e-06   0.00012   0.00019  -6.3e-08   4.5e-06 
  -0.00031   0.019    -0.01      0.00087   0.0024    0.0044  
  -0.00039   0.022    -0.012     0.00098   0.0024    0.0044  
  -0.00039   0.022    -0.012     0.00098   0.0024    0.0044  
   0.00013   9.5e-06   0.00012   0.00019   1.1e-08   3.8e-06 
  -0.00031   0.018    -0.01      0.00095  -0.0019   -0.0035  
  -0.00038   0.022    -0.012     0.0011   -0.0027   -0.0049  
  -0.00038   0.022    -0.012     0.0011   -0.0027   -0.0049  
  -7.9e-05   4.7e-06   0.00012   0.00019   1.3e-06   2.8e-06 
  -0.00047   0.017     0.0093    0.0008    0.0018   -0.0032  
  -0.00054   0.019     0.011     0.0009    0.0024   -0.0044  
  -0.00054   0.019     0.011     0.0009    0.0024   -0.0044  

CDOF_DOT
   0         0         0         0         0         0       
   0         0         0         0         0         0       
   0         0         0         0         0         0       
  -0         0         0         7e-08    -3e-06     2.3e-06 
   0        -0         0         3e-06     5.2e-08   0.00019 
   0         0        -0         2.1e-06  -0.00019  -1.8e-08 
  -2.7e-06   0.00012  -6.5e-06   3.6e-07  -1.9e-06   3.6e-06 
  -0.0001    3.8e-05  -7.3e-05   1.2e-05  -6.9e-05   0.00017 
  -0.0001    3.8e-05  -7.3e-05  -0.0049   -0.00018   0.00013 
  -2.7e-06   0.00012  -6.5e-06   1.2e-06  -3.7e-06   3.6e-06 
   0.00011  -6.4e-05  -0.00012   1.5e-05  -6.6e-05  -0.00018 
   0.00011  -6.4e-05  -0.00012   0.0054   -2.3e-05  -0.00026 
   2.7e-06  -0.00012   6.5e-06  -1.2e-06   3.7e-06  -3.6e-06 
   0.00011  -5.8e-05  -0.00011  -5.7e-06  -0.00012  -0.00015 
   0.00011  -5.8e-05  -0.00011   0.0052   -4.5e-05  -0.00018 
   2.7e-06  -0.00012   6.5e-06  -3.6e-07   1.9e-06  -3.6e-06 
  -0.0001    3.6e-05  -7e-05    -1.4e-05  -0.0001    0.00016 
  -0.0001    3.6e-05  -7e-05    -0.0048   -0.00021   0.00011 

QFRC_BIAS
   5.3e-05 
   3.3e-06 
   1.3e+02 
  -0.0012  
   2.6     
  -0.00025 
   1.1     
   0.44    
  -0.48    
  -1.1     
  -0.45    
   0.47    
   1.1     
  -0.45    
   0.47    
  -1.1     
   0.44    
  -0.48    

QFRC_SPRING
   0       
   0       
   0       
   0       
   0       
   0       
   0       
   0       
   0       
   0       
   0       
   0       
   0       
   0       
   0       
   0       
   0       
   0       

QFRC_DAMPER
   0       
   0       
   0       
   0       
   0       
   0       
   0       
   0       
   0       
   0       
   0       
   0       
   0       
   0       
   0       
   0       
   0       
   0       

QFRC_GRAVCOMP
   0       
   0       
   0       
   0       
   0       
   0       
   0       
   0       
   0       
   0       
   0       
   0       
   0       
   0       
   0       
   0       
   0       
   0       

QFRC_FLUID
   0       
   0       
   0       
   0       
   0       
   0       
   0       
   0       
   0       
   0       
   0       
   0       
   0       
   0       
   0       
   0       
   0       
   0       

QFRC_PASSIVE
   0       
   0       
   0       
   0       
   0       
   0       
   0       
   0       
   0       
   0       
   0       
   0       
   0       
   0       
   0       
   0       
   0       
   0       

EFC_VEL
   9.8e-05 
   0.0031  
   0.00012 
   0.0039  
   0.00011 
   0.0036  
   9.5e-05 
   0.003   
  -1.1e-05 
   4.5e-06 
  -0.0002  
   0.00019 
   1.2e-05 
  -2.1e-05 
  -0.0002  
   0.00019 
  -9.4e-06 
   6.7e-06 
  -0.00018 
   0.00018 
   1.4e-05 
  -1.9e-05 
  -0.00018 
   0.00018 
  -4.7e-05 
   0.00013 
   0.003   
  -0.003   
   4.8e-05 
   6e-05   
   0.0034  
  -0.0033  
  -8.1e-06 
   0.00011 
   0.0033  
  -0.0032  
  -9.3e-05 
   0.00018 
   0.003   
  -0.0029  

EFC_AREF
   3.9     
   1.6e+02 
   3.5     
   1.5e+02 
   3.6     
   1.5e+02 
   3.8     
   1.6e+02 
   0.15    
   0.15    
   0.17    
   0.13    
   0.16    
   0.16    
   0.18    
   0.14    
   0.13    
   0.12    
   0.14    
   0.11    
   0.13    
   0.13    
   0.15    
   0.11    
   2.8     
   2.8     
   2.5     
   3.2     
   2.7     
   2.7     
   2.3     
   3       
   2.7     
   2.7     
   2.4     
   3.1     
   2.9     
   2.8     
   2.5     
   3.2     

SUBTREE_LINVEL
   0         0         0       
   0         0         0       
   0         0         0       
   0         0         0       
   0         0         0       
   0         0         0       
   0         0         0       
   0         0         0       
   0         0         0       
   0         0         0       
   0         0         0       
   0         0         0       
   0         0         0       
   0         0         0       
   0         0         0       
   0         0         0       
   0         0         0       
   0         0         0       
   0         0         0       
   0         0         0       

SUBTREE_ANGMOM
   0         0         0       
   0         0         0       
   0         0         0       
   0         0         0       
   0         0         0       
   0         0         0       
   0         0         0       
   0         0         0       
   0         0         0       
   0         0         0       
   0         0         0       
   0         0         0       
   0         0         0       
   0         0         0       
   0         0         0       
   0         0         0       
   0         0         0       
   0         0         0       
   0         0         0       
   0         0         0       

ACTUATOR_FORCE
   0       
   0       
   0       
   0       
   0       
   0       
   0       
   0       
   0       
   0       
   0       
   0       

QFRC_ACTUATOR
   0       
   0       
   0       
   0       
   0       
   0       
   0       
   0       
   0       
   0       
   0       
   0       
   0       
   0       
   0       
   0       
   0       
   0       

QFRC_SMOOTH
  -5.3e-05 
  -3.3e-06 
  -1.3e+02 
   0.0012  
  -2.6     
   0.00025 
  -1.1     
  -0.44    
   0.48    
   1.1     
   0.45    
  -0.47    
  -1.1     
   0.45    
  -0.47    
   1.1     
  -0.44    
   0.48    

QACC_SMOOTH
  -3.2e-06 
   1.9e-07 
  -9.8     
  -2.4e-06 
  -6.4e-06 
  -6.4e-07 
   1e-05   
  -8.5e-05 
   0.0002  
  -7.5e-06 
   0.00012 
  -0.00025 
   2.8e-05 
   0.00011 
  -0.00023 
  -3.4e-05 
  -7.9e-05 
   0.00019 

EFC_B
  -3.9     
  -1.6e+02 
  -3.5     
  -1.5e+02 
  -3.6     
  -1.5e+02 
  -3.8     
  -1.6e+02 
  -10      
  -10      
  -10      
  -9.9     
  -10      
  -10      
  -10      
  -10      
  -9.9     
  -9.9     
  -10      
  -9.9     
  -9.9     
  -9.9     
  -10      
  -9.9     
  -13      
  -13      
  -12      
  -13      
  -12      
  -12      
  -12      
  -13      
  -13      
  -13      
  -12      
  -13      
  -13      
  -13      
  -12      
  -13      

EFC_FORCE
   1.5     
   3       
   1.3     
   2.8     
   1.4     
   2.9     
   1.5     
   3       
   4       
   4       
   4.6     
   3.5     
   4.2     
   4.3     
   4.8     
   3.7     
   3.3     
   3.2     
   3.8     
   2.8     
   3.4     
   3.5     
   4       
   3       
   4.5     
   4.5     
   4       
   5       
   4.2     
   4.2     
   3.6     
   4.8     
   4.3     
   4.3     
   3.8     
   4.8     
   4.5     
   4.5     
   4       
   5       

EFC_STATE
  1
  1
  1
  1
  1
  1
  1
  1
  1
  1
  1
  1
  1
  1
  1
  1
  1
  1
  1
  1
  1
  1
  1
  1
  1
  1
  1
  1
  1
  1
  1
  1
  1
  1
  1
  1
  1
  1
  1
  1

QFRC_CONSTRAINT
   7.6e-05 
  -2.4e-05 
   1.3e+02 
  -0.0012  
   2.6     
  -0.00025 
   1.1     
   0.44    
  -0.48    
  -1.1     
  -0.45    
   0.47    
   1.1     
  -0.45    
   0.47    
  -1.1     
   0.44    
  -0.48    

QFRC_INVERSE
   0       
   0       
   0       
   0       
   0       
   0       
   0       
   0       
   0       
   0       
   0       
   0       
   0       
   0       
   0       
   0       
   0       
   0       

CACC
   0         0         0         0         0         0       
   0         0         0         0         0         0       
   0         0         0         0         0         0       
   0         0         0         0         0         0       
   0         0         0         0         0         0       
   0         0         0         0         0         0       
   0         0         0         0         0         0       
   0         0         0         0         0         0       
   0         0         0         0         0         0       
   0         0         0         0         0         0       
   0         0         0         0         0         0       
   0         0         0         0         0         0       
   0         0         0         0         0         0       
   0         0         0         0         0         0       
   0         0         0         0         0         0       
   0         0         0         0         0         0       
   0         0         0         0         0         0       
   0         0         0         0         0         0       
   0         0         0         0         0         0       
   0         0         0         0         0         0       

CFRC_INT
   0         0         0         0         0         0       
   0         0         0         0         0         0       
   0         0         0         0         0         0       
   0         0         0         0         0         0       
   0         0         0         0         0         0       
   0         0         0         0         0         0       
   0         0         0         0         0         0       
   0         0         0         0         0         0       
   0         0         0         0         0         0       
   0         0         0         0         0         0       
   0         0         0         0         0         0       
   0         0         0         0         0         0       
   0         0         0         0         0         0       
   0         0         0         0         0         0       
   0         0         0         0         0         0       
   0         0         0         0         0         0       
   0         0         0         0         0         0       
   0         0         0         0         0         0       
   0         0         0         0         0         0       
   0         0         0         0         0         0       

CFRC_EXT
   0         0         0         0         0         0       
   0         0         0         0         0         0       
   0         0         0         0         0         0       
   0         0         0         0         0         0       
   0         0         0         0         0         0       
   0         0         0         0         0         0       
   0         0         0         0         0         0       
   0         0         0         0         0         0       
   0         0         0         0         0         0       
   0         0         0         0         0         0       
   0         0         0         0         0         0       
   0         0         0         0         0         0       
   0         0         0         0         0         0       
   0         0         0         0         0         0       
   0         0         0         0         0         0       
   0         0         0         0         0         0       
   0         0         0         0         0         0       
   0         0         0         0         0         0       
   0         0         0         0         0         0       
   0         0         0         0         0         0       

TREE_ISLAND
  0

ISLAND_NTREE
  1

ISLAND_ITREEADR
  0

MAP_ITREE2TREE
  0

DOF_ISLAND            0 0 0 0 0 0 0 0 0 0 0 0 0 0 0 0 0 0

ISLAND_NV             18

ISLAND_IDOFADR        0

MAP_IDOF2DOF          0 1 2 3 4 5 6 7 8 9 10 11 12 13 14 15 16 17

EFC_ISLAND            0 0 0 0 0 0 0 0 0 0 0 0 0 0 0 0 0 0 0 0 0 0 0 0 0 0 0 0 0 0 0 0 0 0 0 0 0 0 0 0

ISLAND_NEFC           40

ISLAND_IEFCADR        0

MAP_IEFC2EFC          0 1 2 3 4 5 6 7 8 9 10 11 12 13 14 15 16 17 18 19 20 21 22 23 24 25 26 27 28 29 30 31 32 33 34 35 36 37 38 39

